State,County,Agency,Ori,total aggravated-assault crimes (2015-2023),total aggravated-assault cleared crimes (2015-2023),total aggravated-assault actual crimes (2015-2023),total violent-crime crimes (2015-2023),total violent-crime cleared crimes (2015-2023),total violent-crime actual crimes (2015-2023),total arson crimes (2015-2023),total arson cleared crimes (2015-2023),total arson actual crimes (2015-2023),total human-trafficing crimes (2015-2023),total human-trafficing cleared crimes (2015-2023),total human-trafficing actual crimes (2015-2023),total rape-legacy crimes (2015-2023),total rape-legacy cleared crimes (2015-2023),total rape-legacy actual crimes (2015-2023),total homicide crimes (2015-2023),total homicide cleared crimes (2015-2023),total homicide actual crimes (2015-2023),total burglary crimes (2015-2023),total burglary cleared crimes (2015-2023),total burglary actual crimes (2015-2023),total motor-vehicle-theft crimes (2015-2023),total motor-vehicle-theft cleared crimes (2015-2023),total motor-vehicle-theft actual crimes (2015-2023),total larceny crimes (2015-2023),total larceny cleared crimes (2015-2023),total larceny actual crimes (2015-2023),total rape crimes (2015-2023),total rape cleared crimes (2015-2023),total rape actual crimes (2015-2023),total property-crime crimes (2015-2023),total property-crime cleared crimes (2015-2023),total property-crime actual crimes (2015-2023),Latitude,Longitude
New Mexico,BERNALILLO,Bernalillo County Sheriff's Office,NM0010000,4950,1658,3292,6205,1924,4281,236,7,229,11,5,6,259,45,214,73,31,42,3736,297,3439,2672,157,2515,6947,619,6328,301,62,239,13355,1073,12282,35.054002,-106.669064
New Mexico,BERNALILLO,Albuquerque Police Department,NM0010100,46705,13763,32942,66375,16319,50056,931,143,788,2,0,2,2360,320,2040,712,188,524,43564,2848,40716,45052,2523,42529,169366,19361,150005,2641,247,2394,257982,24732,233250,35.089184,-106.65081
New Mexico,BERNALILLO,University of New Mexico,NM0010200,287,9,278,367,9,358,1,0,1,0,0,0,19,0,19,0,0,0,308,4,304,520,0,520,3042,12,3030,39,0,39,3870,16,3854,35.054002,-106.669064
New Mexico,CATRON,Catron County Sheriff's Office,NM0020000,37,12,25,39,12,27,1,0,1,0,0,0,0,0,0,0,0,0,37,2,35,16,3,13,41,1,40,1,0,1,94,6,88,33.901813,-108.392097
New Mexico,CHAVES,Chaves County Sheriff's Office,NM0030000,431,136,295,578,188,390,5,0,5,0,0,0,33,8,25,35,16,19,644,36,608,256,25,231,624,31,593,64,25,39,1524,92,1432,33.361604,-104.469837
New Mexico,CHAVES,Roswell Police Department,NM0030100,2267,685,1582,2941,843,2098,164,16,148,0,0,0,98,18,80,80,29,51,2486,209,2277,856,124,732,10522,1772,8750,252,58,194,13864,2105,11759,33.361604,-104.469837
New Mexico,CHAVES,Dexter Police Department,NM0030200,9,3,6,9,3,6,0,0,0,0,0,0,0,0,0,0,0,0,12,0,12,11,1,10,11,1,10,0,0,0,34,2,32,33.361604,-104.469837
New Mexico,CHAVES,New Mexico Military Institute,NM0030400,5,1,4,11,3,8,0,0,0,0,0,0,1,0,1,0,0,0,9,1,8,2,0,2,96,4,92,5,2,3,107,5,102,33.408695,-104.52283
New Mexico,COLFAX,Colfax County Sheriff's Office,NM0040000,71,15,56,74,15,59,2,0,2,0,0,0,1,0,1,0,0,0,70,1,69,13,1,12,56,1,55,1,0,1,139,3,136,36.612962,-104.640126
New Mexico,COLFAX,Raton Police Department,NM0040100,91,44,47,129,57,72,2,1,1,0,0,0,0,0,0,10,4,6,545,247,298,118,48,70,817,375,442,2,0,2,1480,670,810,36.90456,-104.43978
New Mexico,COLFAX,Cimarron Police Department,NM0040200,50,20,30,52,21,31,0,0,0,0,0,0,0,0,0,0,0,0,28,7,21,5,2,3,26,4,22,0,0,0,59,13,46,36.612962,-104.640126
New Mexico,COLFAX,Springer Police Department,NM0040300,30,10,20,33,11,22,0,0,0,0,0,0,1,0,1,0,0,0,19,7,12,11,2,9,24,5,19,0,0,0,54,14,40,36.612962,-104.640126
New Mexico,COLFAX,Angel Fire Police Department,NM0040500,84,33,51,92,34,58,1,0,1,0,0,0,3,0,3,2,1,1,123,16,107,21,4,17,175,32,143,3,0,3,319,52,267,36.612962,-104.640126
New Mexico,CURRY,Curry County Sheriff's Office,NM0050000,119,48,71,150,57,93,15,4,11,0,0,0,11,4,7,6,2,4,431,42,389,103,16,87,261,19,242,5,0,5,795,77,718,34.572984,-103.346055
New Mexico,CURRY,Clovis Police Department,NM0050100,1423,285,1138,1830,357,1473,92,13,79,0,0,0,59,13,46,17,5,12,2772,247,2525,1006,87,919,10200,951,9249,141,24,117,13978,1285,12693,34.572984,-103.346055
New Mexico,CURRY,Texico Police Department,NM0050300,17,0,17,17,0,17,0,0,0,0,0,0,0,0,0,0,0,0,18,0,18,3,0,3,15,1,14,0,0,0,36,1,35,34.572984,-103.346055
New Mexico,DE BACA,De Baca County Sheriff's Office,NM0060000,29,12,17,36,14,22,0,0,0,0,0,0,0,0,0,0,0,0,92,7,85,27,4,23,61,12,49,3,1,2,180,23,157,34.359269,-104.368692
New Mexico,DONA ANA,Dona Ana County Sheriff's Office,NM0070000,1336,360,976,1740,455,1285,39,5,34,4,0,4,233,53,180,26,7,19,1648,125,1523,752,93,659,2828,186,2642,185,27,158,5228,404,4824,32.350912,-106.832182
New Mexico,DONA ANA,Las Cruces Police Department,NM0070100,2732,734,1998,3659,940,2719,45,14,31,0,0,0,326,53,273,77,30,47,5149,406,4743,2515,258,2257,27082,5431,21651,292,38,254,34746,6095,28651,32.316395,-106.77963
New Mexico,DONA ANA,Anthony Police Department,NM0070200,155,34,121,174,35,139,0,0,0,0,0,0,2,0,2,1,0,1,145,14,131,38,6,32,98,2,96,14,1,13,281,22,259,32.350912,-106.832182
New Mexico,DONA ANA,Hatch Police Department,NM0070300,111,43,68,111,43,68,3,1,2,0,0,0,0,0,0,0,0,0,44,9,35,17,5,12,143,31,112,0,0,0,204,45,159,32.350912,-106.832182
New Mexico,DONA ANA,New Mexico State University,NM0070400,46,11,35,86,16,70,4,1,3,0,0,0,10,3,7,0,0,0,188,17,171,67,9,58,1062,29,1033,25,2,23,1317,55,1262,32.350912,-106.832182
New Mexico,DONA ANA,Mesilla Police Department,NM0070500,7,3,4,7,3,4,0,0,0,0,0,0,0,0,0,0,0,0,15,1,14,3,0,3,14,2,12,0,0,0,32,3,29,32.350912,-106.832182
New Mexico,DONA ANA,Sunland Park Police Department,NM0070600,341,73,268,400,81,319,7,1,6,0,0,0,34,4,30,0,0,0,291,28,263,107,12,95,586,82,504,30,3,27,984,122,862,31.795942,-106.555046
New Mexico,EDDY,Eddy County Sheriff's Office,NM0080000,315,20,295,363,20,343,0,0,0,0,0,0,0,0,0,8,0,8,492,9,483,468,6,462,1230,5,1225,32,0,32,2190,20,2170,32.420414,-104.22896
New Mexico,EDDY,Artesia Police Department,NM0080100,909,258,651,991,267,724,44,9,35,0,0,0,21,3,18,8,2,6,1051,45,1006,220,22,198,1990,288,1702,35,1,34,3261,355,2906,32.457858,-104.306471
New Mexico,EDDY,Carlsbad Police Department,NM0080200,1123,263,860,1407,307,1100,95,6,89,0,0,0,67,5,62,33,10,23,1187,81,1106,994,104,890,5874,662,5212,92,11,81,8055,847,7208,32.457858,-104.306471
New Mexico,EDDY,Loving Police Department,NM0080300,10,2,8,10,2,8,0,0,0,0,0,0,0,0,0,0,0,0,60,8,52,14,1,13,50,1,49,0,0,0,124,10,114,32.457858,-104.306471
New Mexico,EDDY,Hope,NM0080500,0,0,0,0,0,0,1,0,1,0,0,0,0,0,0,0,0,0,11,0,11,0,0,0,2,0,2,0,0,0,13,0,13,32.457858,-104.306471
New Mexico,GRANT,Grant County Sheriff's Office,NM0090000,67,0,67,86,0,86,5,0,5,0,0,0,0,0,0,0,0,0,259,0,259,0,0,0,243,0,243,16,0,16,502,0,502,32.783188,-108.265976
New Mexico,GRANT,Silver City Police Department,NM0090100,0,0,0,0,0,0,0,0,0,0,0,0,0,0,0,0,0,0,0,0,0,0,0,0,0,0,0,0,0,0,0,0,0,32.732087,-108.381504
New Mexico,GRANT,Bayard Police Department,NM0090200,97,30,67,98,30,68,0,0,0,0,0,0,0,0,0,0,0,0,71,5,66,23,1,22,85,8,77,0,0,0,179,14,165,32.732087,-108.381504
New Mexico,GRANT,Santa Clara Police Department,NM0090300,22,6,16,22,6,16,4,1,3,0,0,0,0,0,0,0,0,0,66,4,62,17,3,14,75,10,65,0,0,0,158,17,141,32.732087,-108.381504
New Mexico,GRANT,Hurley Police Department,NM0090400,18,7,11,18,7,11,0,0,0,0,0,0,0,0,0,0,0,0,22,2,20,0,0,0,16,2,14,0,0,0,38,4,34,32.732087,-108.381504
New Mexico,GRANT,Western New Mexico University,NM0090500,9,0,9,10,0,10,1,0,1,0,0,0,0,0,0,0,0,0,36,0,36,2,0,2,97,6,91,1,0,1,135,6,129,32.732087,-108.381504
New Mexico,GUADALUPE,Guadalupe County Sheriff's Office,NM0100000,10,1,9,11,1,10,0,0,0,0,0,0,0,0,0,0,0,0,19,0,19,3,0,3,12,0,12,0,0,0,34,0,34,34.932644,-104.69177
New Mexico,GUADALUPE,Santa Rosa Police Department,NM0100100,145,65,80,146,65,81,0,0,0,0,0,0,0,0,0,0,0,0,93,15,78,32,11,21,254,16,238,0,0,0,379,42,337,34.94059,-104.686
New Mexico,HARDING,Harding County Sheriff's Office,NM0110000,0,0,0,0,0,0,0,0,0,0,0,0,0,0,0,0,0,0,0,0,0,0,0,0,0,0,0,0,0,0,0,0,0,35.85881,-103.850821
New Mexico,HIDALGO,Hidalgo County Sheriff's Office,NM0120000,36,0,36,37,0,37,0,0,0,0,0,0,0,0,0,0,0,0,45,0,45,1514,0,1514,43,0,43,0,0,0,1602,0,1602,31.899658,-108.745729
New Mexico,HIDALGO,Lordsburg Police Department,NM0120100,64,0,64,68,0,68,4,0,4,0,0,0,0,0,0,0,0,0,70,0,70,15,0,15,95,0,95,1,0,1,180,0,180,32.34445,-108.713394
New Mexico,LEA,Lea County Sheriff's Office,NM0130000,340,103,237,415,119,296,6,0,6,0,0,0,25,4,21,13,3,10,767,59,708,328,35,293,1203,39,1164,18,2,16,2298,133,2165,32.935955,-103.341995
New Mexico,LEA,Eunice Police Department,NM0130100,25,8,17,32,11,21,1,0,1,0,0,0,0,0,0,3,1,2,146,23,123,66,20,46,138,18,120,0,0,0,350,61,289,32.795687,-103.413271
New Mexico,LEA,Hobbs Police Department,NM0130200,1621,318,1303,2113,427,1686,48,5,43,0,0,0,128,35,93,23,6,17,2981,336,2645,973,111,862,9396,2062,7334,188,39,149,13350,2509,10841,32.702976,-103.13619
New Mexico,LEA,Jal Police Department,NM0130300,70,29,41,78,32,46,8,3,5,0,0,0,5,2,3,0,0,0,57,12,45,52,19,33,141,17,124,1,0,1,250,48,202,32.795687,-103.413271
New Mexico,LEA,Lovington Police Department,NM0130400,107,29,78,152,43,109,8,0,8,0,0,0,19,5,14,10,4,6,710,73,637,157,18,139,989,41,948,2,1,1,1856,132,1724,32.946884,-103.3474
New Mexico,LEA,Tatum Police Department,NM0130500,2,0,2,2,0,2,0,0,0,0,0,0,0,0,0,0,0,0,15,0,15,0,0,0,6,0,6,0,0,0,21,0,21,32.795687,-103.413271
New Mexico,LINCOLN,Lincoln County Sheriff's Office,NM0140000,226,79,147,257,89,168,0,0,0,0,0,0,8,2,6,6,3,3,266,23,243,44,7,37,312,38,274,12,4,8,622,68,554,33.740941,-105.449083
New Mexico,LINCOLN,Ruidoso Police Department,NM0140100,174,64,110,228,72,156,3,0,3,0,0,0,10,1,9,4,1,3,558,78,480,93,19,74,943,150,793,22,1,21,1594,247,1347,33.352177,-105.67355
New Mexico,LINCOLN,Carrizozo Police Department,NM0140200,7,2,5,7,2,5,0,0,0,0,0,0,0,0,0,0,0,0,23,1,22,2,0,2,39,5,34,0,0,0,64,6,58,33.740941,-105.449083
New Mexico,LINCOLN,Ruidoso Downs Police Department,NM0140300,248,115,133,261,119,142,1,0,1,0,0,0,0,0,0,0,0,0,161,25,136,53,18,35,933,390,543,5,1,4,1147,433,714,33.740941,-105.449083
New Mexico,LINCOLN,Capitan Police Department,NM0140400,43,16,27,43,16,27,1,0,1,0,0,0,0,0,0,0,0,0,51,11,40,7,3,4,44,11,33,0,0,0,102,25,77,33.740941,-105.449083
New Mexico,LOS ALAMOS,Los Alamos Police Department,NM0150100,179,88,91,225,100,125,15,10,5,0,0,0,14,4,10,0,0,0,103,22,81,28,8,20,692,173,519,25,5,20,823,203,620,35.870047,-106.307968
New Mexico,LUNA,Luna County Sheriff's Office,NM0160000,563,239,324,583,246,337,10,3,7,0,0,0,2,1,1,1,0,1,797,303,494,310,120,190,1012,400,612,6,2,4,2119,823,1296,32.184295,-107.746922
New Mexico,LUNA,Deming Police Department,NM0160100,706,177,529,843,198,645,34,5,29,0,0,0,23,2,21,6,2,4,1138,89,1049,293,32,261,3552,877,2675,45,2,43,4983,998,3985,32.269485,-107.75179
New Mexico,MCKINLEY,McKinley County Sheriff's Office,NM0170000,906,108,798,993,111,882,43,0,43,0,0,0,18,1,17,9,0,9,526,17,509,236,7,229,848,9,839,16,0,16,1610,33,1577,35.50843,-108.733536
New Mexico,MCKINLEY,Gallup Police Department,NM0170100,2658,710,1948,3475,818,2657,66,6,60,0,0,0,75,10,65,20,5,15,2075,222,1853,1141,109,1032,9022,1955,7067,100,7,93,12238,2286,9952,35.526714,-108.74098
New Mexico,NOT SPECIFIED,Zuni Tribal,NM0170300,176,85,91,196,96,100,0,0,0,0,0,0,0,0,0,6,3,3,6,3,3,2,1,1,8,4,4,6,3,3,16,8,8,35.573874,-108.255158
New Mexico,NOT SPECIFIED,Ramah Navajo Tribal,NM0170400,164,73,91,177,77,100,7,1,6,0,0,0,0,0,0,3,1,2,41,10,31,4,2,2,26,6,20,10,3,7,71,18,53,35.573874,-108.255158
New Mexico,MORA,Mora County Sheriff's Office,NM0180000,86,29,57,86,29,57,0,0,0,0,0,0,0,0,0,0,0,0,50,1,49,28,4,24,64,4,60,0,0,0,142,9,133,35.982841,-104.921898
New Mexico,OTERO,Otero County Sheriff's Office,NM0190000,1390,601,789,1494,634,860,2,1,1,0,0,0,30,10,20,1,0,1,902,267,635,187,63,124,1145,377,768,63,20,43,2234,707,1527,32.588776,-105.781079
New Mexico,OTERO,Alamogordo Police Department,NM0190100,1003,463,540,1159,526,633,23,6,17,0,0,0,31,11,20,13,6,7,815,121,694,425,67,358,5704,1486,4218,45,19,26,6944,1674,5270,32.896988,-105.9556
New Mexico,OTERO,Tularosa Police Department,NM0190200,35,2,33,39,2,37,1,0,1,0,0,0,0,0,0,2,0,2,147,1,146,12,0,12,185,0,185,2,0,2,344,1,343,32.588776,-105.781079
New Mexico,OTERO,Cloudcroft Police Department,NM0190300,11,3,8,13,3,10,0,0,0,0,0,0,0,0,0,2,0,2,18,2,16,2,0,2,33,9,24,0,0,0,53,11,42,32.588776,-105.781079
New Mexico,QUAY,Quay County Sheriff's Office,NM0200000,43,20,23,45,20,25,3,1,2,0,0,0,1,0,1,0,0,0,78,12,66,22,6,16,76,13,63,1,0,1,176,31,145,35.107018,-103.548071
New Mexico,QUAY,Tucumcari Police Department,NM0200100,31,11,20,35,12,23,0,0,0,0,0,0,1,0,1,0,0,0,61,7,54,3,1,2,175,57,118,0,0,0,239,65,174,35.107018,-103.548071
New Mexico,QUAY,Logan Police Department,NM0200200,13,4,9,17,4,13,0,0,0,0,0,0,2,0,2,0,0,0,99,1,98,13,2,11,84,7,77,3,0,3,196,10,186,35.107018,-103.548071
New Mexico,RIO ARRIBA,Rio Arriba County Sheriff's Office,NM0210000,402,106,296,467,113,354,13,0,13,0,0,0,9,2,7,5,1,4,588,14,574,109,4,105,528,8,520,20,1,19,1225,26,1199,36.509669,-106.693983
New Mexico,"RIO ARRIBA, SANTA FE",Espanola Police Department,NM0210100,1396,399,997,1551,420,1131,17,3,14,0,0,0,6,0,6,7,2,5,921,106,815,199,38,161,1490,565,925,7,1,6,2610,709,1901,36.509669,-106.693983
New Mexico,NOT SPECIFIED,Jicarilla Apache Tribal,NM0210300,359,83,276,366,86,280,0,0,0,0,0,0,3,1,2,2,1,1,18,5,13,12,4,8,7,2,5,3,1,2,37,11,26,36.509669,-106.693983
New Mexico,NOT SPECIFIED,Ohkay Owingeh Tribal,NM0210400,44,0,44,59,2,57,2,0,2,0,0,0,0,0,0,3,1,2,36,0,36,18,0,18,51,0,51,4,1,3,105,0,105,36.509669,-106.693983
New Mexico,NOT SPECIFIED,Santa Clara Pueblo,NM0210500,38,15,23,48,16,32,2,0,2,0,0,0,0,0,0,0,0,0,53,11,42,29,4,25,99,7,92,6,1,5,181,22,159,36.509669,-106.693983
New Mexico,ROOSEVELT,Roosevelt County Sheriff's Office,NM0220000,0,0,0,0,0,0,0,0,0,0,0,0,0,0,0,0,0,0,0,0,0,0,0,0,0,0,0,0,0,0,0,0,0,34.147217,-103.39699
New Mexico,ROOSEVELT,Portales Police Department,NM0220100,347,76,271,428,86,342,24,3,21,0,0,0,13,1,12,9,2,7,1022,39,983,162,16,146,1114,80,1034,29,3,26,2298,135,2163,34.197777,-103.334984
New Mexico,ROOSEVELT,Eastern New Mexico University,NM0220200,21,7,14,37,10,27,0,0,0,0,0,0,7,1,6,0,0,0,44,5,39,6,1,5,230,30,200,8,2,6,280,36,244,34.021457,-103.482725
New Mexico,SANDOVAL,Sandoval County Sheriff's Office,NM0230000,687,219,468,718,227,491,5,2,3,0,0,0,14,4,10,6,3,3,312,16,296,47,8,39,500,61,439,4,0,4,859,85,774,35.685071,-106.882619
New Mexico,SANDOVAL,Bernalillo Police Department,NM0230100,490,81,409,573,88,485,8,1,7,0,0,0,8,1,7,5,1,4,617,32,585,237,10,227,1331,295,1036,10,1,9,2185,337,1848,35.685071,-106.882619
New Mexico,SANDOVAL,Cuba Police Department,NM0230200,103,3,100,105,3,102,1,0,1,0,0,0,0,0,0,0,0,0,30,2,28,7,0,7,30,0,30,0,0,0,67,2,65,35.685071,-106.882619
New Mexico,SANDOVAL,Corrales Police Department,NM0230300,71,34,37,82,39,43,1,0,1,0,0,0,4,2,2,0,0,0,130,6,124,40,5,35,267,12,255,2,1,1,437,23,414,35.22278,-106.616104
New Mexico,"BERNALILLO, SANDOVAL",Rio Rancho Police Department,NM0230600,1189,470,719,1628,578,1050,68,15,53,0,0,0,114,24,90,18,6,12,1840,251,1589,1229,117,1112,8874,1693,7181,106,27,79,11943,2061,9882,35.268604,-106.634796
New Mexico,SANDOVAL,San Ysidro Police Department,NM0230700,3,1,2,7,3,4,0,0,0,0,0,0,0,0,0,0,0,0,10,1,9,3,0,3,12,4,8,0,0,0,25,5,20,35.685071,-106.882619
New Mexico,NOT SPECIFIED,Santa Ana Tribal,NM0230800,106,45,61,114,47,67,0,0,0,0,0,0,0,0,0,2,1,1,66,20,46,67,15,52,405,110,295,0,0,0,538,145,393,35.344135,-106.53136
New Mexico,SAN JUAN,San Juan County Sheriff's Office,NM0240000,4341,1638,2703,4831,1810,3021,62,14,48,0,0,0,168,61,107,15,6,9,1342,211,1131,520,117,403,2751,282,2469,284,101,183,4613,610,4003,36.825977,-108.02076
New Mexico,SAN JUAN,Aztec Police Department,NM0240100,301,116,185,344,126,218,5,1,4,0,0,0,20,6,14,0,0,0,301,39,262,88,15,73,746,119,627,25,7,18,1135,173,962,36.822765,-107.9963
New Mexico,SAN JUAN,Farmington Police Department,NM0240200,3270,962,2308,4250,1055,3195,138,4,134,0,0,0,291,13,278,21,1,20,2470,186,2284,1027,53,974,10500,2349,8151,395,17,378,13997,2588,11409,36.73906,-108.215805
New Mexico,SAN JUAN,Bloomfield Police Department,NM0240300,637,201,436,729,210,519,6,1,5,0,0,0,32,2,30,2,0,2,246,23,223,76,7,69,688,72,616,52,5,47,1010,102,908,36.71903,-107.97912
New Mexico,SAN MIGUEL,San Miguel County Sheriff's Office,NM0250000,12,3,9,12,3,9,0,0,0,0,0,0,0,0,0,0,0,0,2,0,2,5,0,5,9,3,6,0,0,0,16,3,13,35.476876,-104.803515
New Mexico,SAN MIGUEL,Las Vegas Police Department,NM0250100,704,200,504,832,218,614,14,2,12,0,0,0,18,0,18,8,0,8,514,45,469,141,19,122,1592,178,1414,29,2,27,2247,242,2005,35.591564,-105.22732
New Mexico,SAN MIGUEL,New Mexico Highlands University,NM0250300,0,0,0,0,0,0,0,0,0,0,0,0,0,0,0,0,0,0,0,0,0,0,0,0,0,0,0,0,0,0,0,0,0,35.476876,-104.803515
New Mexico,SANTA FE,Santa Fe County Sheriff's Office,NM0260000,436,68,368,507,74,433,14,3,11,0,0,0,9,1,8,3,1,2,1260,32,1228,2,0,2,914,18,896,20,0,20,2176,50,2126,35.513731,-105.966439
New Mexico,SANTA FE,Santa Fe Police Department,NM0260100,1487,383,1104,2198,477,1721,100,19,81,0,0,0,77,5,72,22,5,17,7025,289,6736,1156,36,1120,10796,1560,9236,124,21,103,18977,1885,17092,35.513731,-105.966439
New Mexico,NOT SPECIFIED,Tesuque Pueblo,NM0260700,22,7,15,24,7,17,0,0,0,0,0,0,0,0,0,1,0,1,4,0,4,4,1,3,33,4,29,1,0,1,41,5,36,35.513731,-105.966439
New Mexico,"BERNALILLO, SANTA FE",Edgewood Police Department,NM0261200,78,32,46,111,46,65,0,0,0,0,0,0,4,2,2,2,1,1,188,47,141,95,35,60,474,174,300,6,2,4,757,256,501,35.513731,-105.966439
New Mexico,SIERRA,Sierra County Sheriff's Office,NM0270000,208,89,119,254,101,153,6,2,4,0,0,0,13,3,10,6,3,3,177,17,160,46,9,37,280,32,248,24,5,19,503,58,445,33.119479,-107.188161
New Mexico,SIERRA,Truth or Consequences Police Department,NM0270100,210,87,123,237,100,137,13,3,10,0,0,0,16,8,8,5,2,3,277,36,241,69,13,56,811,178,633,4,2,2,1157,227,930,33.129433,-107.255806
New Mexico,SOCORRO,Socorro County Sheriff's Office,NM0280000,152,18,134,170,20,150,3,0,3,0,0,0,6,0,6,2,1,1,139,8,131,68,4,64,233,4,229,8,0,8,440,16,424,33.991614,-106.939003
New Mexico,SOCORRO,Socorro Police Department,NM0280100,390,90,300,423,96,327,2,0,2,0,0,0,3,0,3,3,1,2,625,74,551,138,16,122,1876,359,1517,2,0,2,2639,449,2190,33.991614,-106.939003
New Mexico,SOCORRO,Magdalena Police Department,NM0280200,40,1,39,43,1,42,2,0,2,0,0,0,1,0,1,1,0,1,46,0,46,8,1,7,109,1,108,0,0,0,163,2,161,33.991614,-106.939003
New Mexico,SOCORRO,New Mexico Institute of Mining and Technology,NM0280300,1,0,1,3,1,2,0,0,0,0,0,0,0,0,0,0,0,0,23,2,21,7,1,6,239,17,222,0,0,0,269,20,249,34.065002,-106.903435
New Mexico,TAOS,Taos County Sheriff's Office,NM0290000,422,158,264,470,173,297,0,0,0,0,0,0,11,4,7,8,2,6,473,138,335,166,38,128,282,77,205,6,1,5,921,253,668,36.576529,-105.637986
New Mexico,TAOS,Taos Police Department,NM0290100,263,58,205,321,66,255,11,2,9,0,0,0,5,0,5,2,1,1,606,42,564,160,15,145,2215,415,1800,8,0,8,2981,472,2509,36.409138,-105.57204
New Mexico,TAOS,Questa Police Department,NM0290200,0,0,0,4,0,4,0,0,0,0,0,0,0,0,0,0,0,0,3,0,3,3,0,3,34,7,27,1,0,1,40,7,33,36.576529,-105.637986
New Mexico,TAOS,Red River Police Department,NM0290300,24,12,12,31,15,16,0,0,0,0,0,0,0,0,0,2,1,1,25,11,14,3,1,2,73,33,40,1,0,1,101,45,56,36.576529,-105.637986
New Mexico,NOT SPECIFIED,Taos Pueblo,NM0290400,35,1,34,41,1,40,3,0,3,0,0,0,0,0,0,1,0,1,17,0,17,7,0,7,19,0,19,1,0,1,43,0,43,36.576529,-105.637986
New Mexico,TAOS,Taos Ski Valley Police Department,NM0290500,3,0,3,3,0,3,0,0,0,0,0,0,0,0,0,0,0,0,7,0,7,0,0,0,17,0,17,0,0,0,24,0,24,36.576529,-105.637986
New Mexico,TORRANCE,Torrance County Sheriff's Office,NM0300000,597,193,404,636,199,437,5,1,4,0,0,0,14,3,11,3,1,2,416,23,393,175,24,151,264,18,246,12,0,12,855,65,790,34.554466,-105.887952
New Mexico,TORRANCE,Estancia Police Department,NM0300200,16,5,11,42,6,36,0,0,0,0,0,0,26,1,25,0,0,0,73,2,71,3,0,3,20,0,20,0,0,0,96,2,94,34.554466,-105.887952
New Mexico,TORRANCE,Moriarty Police Department,NM0300300,19,1,18,32,1,31,0,0,0,0,0,0,0,0,0,0,0,0,131,15,116,52,2,50,226,27,199,3,0,3,409,44,365,34.554466,-105.887952
New Mexico,TORRANCE,Mountainair Police Department,NM0300400,7,1,6,8,1,7,0,0,0,0,0,0,0,0,0,0,0,0,21,0,21,6,0,6,18,0,18,1,0,1,45,0,45,34.554466,-105.887952
New Mexico,UNION,Union County Sheriff's Office,NM0310000,34,14,20,41,17,24,1,0,1,0,0,0,0,0,0,3,2,1,48,5,43,16,8,8,36,6,30,4,1,3,100,19,81,36.488085,-103.475723
New Mexico,UNION,Clayton Police Department,NM0310100,28,3,25,28,3,25,2,0,2,0,0,0,0,0,0,0,0,0,16,0,16,1,0,1,54,0,54,0,0,0,71,0,71,36.452724,-103.186264
New Mexico,VALENCIA,Valencia County Sheriff's Office,NM0320000,2901,1001,1900,3130,1026,2104,49,5,44,0,0,0,43,2,41,7,2,5,2208,116,2092,1296,158,1138,2763,133,2630,118,11,107,6267,407,5860,34.71684,-106.806582
New Mexico,VALENCIA,Belen Police Department,NM0320100,1024,342,682,1099,358,741,12,1,11,0,0,0,4,0,4,1,0,1,621,45,576,331,27,304,2065,370,1695,5,1,4,3017,442,2575,34.660484,-106.774734
New Mexico,VALENCIA,Los Lunas Police Department,NM0320300,1225,363,862,1352,371,981,19,3,16,0,0,0,12,0,12,0,0,0,813,42,771,631,39,592,2961,240,2721,23,0,23,4405,321,4084,34.71684,-106.806582
New Mexico,VALENCIA,Bosque Farms Police Department,NM0320700,175,73,102,182,74,108,1,0,1,0,0,0,0,0,0,0,0,0,61,3,58,73,5,68,189,18,171,1,0,1,323,26,297,34.71684,-106.806582
New Mexico,VALENCIA,Peralta,NM032100X,197,74,123,199,74,125,0,0,0,0,0,0,0,0,0,0,0,0,82,3,79,94,15,79,152,5,147,1,0,1,328,23,305,,
New Mexico,CIBOLA,Cibola County Sheriff's Office,NM0330000,348,125,223,378,132,246,5,2,3,0,0,0,10,4,6,4,1,3,211,53,158,72,14,58,187,47,140,11,1,10,470,114,356,35.15374,-107.853935
New Mexico,CIBOLA,Grants Police Department,NM0330100,201,21,180,242,23,219,0,0,0,0,0,0,8,0,8,4,0,4,445,19,426,160,20,140,484,57,427,1,0,1,1089,96,993,34.93205,-108.000255
New Mexico,CIBOLA,Milan Police Department,NM0330200,52,6,46,59,6,53,1,0,1,0,0,0,1,0,1,0,0,0,57,3,54,15,1,14,140,17,123,2,0,2,212,21,191,34.93205,-108.000255
New Mexico,NOT SPECIFIED,Laguna Tribal,NM0330300,418,200,218,525,238,287,10,5,5,0,0,0,1,0,1,1,0,1,117,34,83,116,28,88,552,193,359,69,25,44,785,255,530,34.93205,-108.000255
New Mexico,NOT SPECIFIED,Acoma Tribal,NM0330400,103,41,62,115,43,72,0,0,0,0,0,0,2,0,2,4,2,2,39,9,30,27,8,19,74,22,52,4,0,4,140,39,101,34.93205,-108.000255
New Mexico,NOT SPECIFIED,Pojoaque Tribal,NMDI02200,78,8,70,97,12,85,2,0,2,0,0,0,4,2,2,2,1,1,112,4,108,44,2,42,366,13,353,10,2,8,522,19,503,35.884163,-106.01543
New Mexico,NOT SPECIFIED,Jemez Pueblo,NMDI02300,75,30,45,88,36,52,0,0,0,0,0,0,0,0,0,0,0,0,39,11,28,4,1,3,28,7,21,0,0,0,71,19,52,35.685071,-106.882619
New Mexico,NOT SPECIFIED,Northern Pueblos Agency,NMDI05000,30,6,24,30,6,24,2,0,2,0,0,0,0,0,0,0,0,0,26,2,24,9,2,7,27,0,27,0,0,0,62,4,58,35.513731,-105.966439
New Mexico,NOT SPECIFIED,Southern Pueblos Agency,NMDI05100,174,79,95,200,90,110,3,1,2,0,0,0,5,2,3,4,2,2,123,45,78,60,25,35,137,49,88,19,8,11,320,119,201,35.054002,-106.669064
New Mexico,NOT SPECIFIED,Isleta Tribal,NMDI05700,119,35,84,122,35,87,2,0,2,0,0,0,0,0,0,2,0,2,53,14,39,52,11,41,130,28,102,0,0,0,235,53,182,35.054002,-106.669064
New Mexico,NOT SPECIFIED,Mescalero Tribal,NMDI07000,171,67,104,187,70,117,5,2,3,0,0,0,0,0,0,2,1,1,25,6,19,8,3,5,57,20,37,14,2,12,90,29,61,35.054002,-106.669064
New Mexico,NOT SPECIFIED,Zia Pueblo,NMDI08300,10,4,6,12,5,7,0,0,0,0,0,0,0,0,0,2,1,1,4,2,2,3,0,3,1,0,1,0,0,0,8,2,6,,
New Mexico,UNMAPPED COUNTY,New Mexico State Police,NMNSP0000,4571,1256,3315,5231,1377,3854,43,4,39,0,0,0,106,12,94,65,17,48,1169,98,1071,1041,193,848,2224,159,2065,389,64,325,4434,450,3984,35.513731,-105.966439
